var cards = [["HORSE", "RED", [0, 1], [0, -1], [-1, 0]],
["OX", "BLUE", [0, 1], [0, -1], [1, 0]],
["CRANE", "BLUE", [0, 1], [-1, -1], [1, -1]],
["MANTIS", "RED", [-1, 1], [1, 1], [0, -1]],
["EEL", "BLUE", [-1, 1], [-1, -1], [1, 0]],
["COBRA", "RED", [-1, 0], [1, 1], [1, -1]],
["ROOSTER", "RED", [-1, -1], [-1, 0], [1, 0], [1, 1]],
["GOOSE", "BLUE", [-1, 1], [-1, 0], [1, 0], [1, -1]],
["FROG", "RED", [-2, 0], [-1, 1], [1, -1]],
["RABBIT", "BLUE", [-1, -1], [1, 1], [2, 0]],
["MONKEY", "BLUE", [-1, 1], [1, 1], [-1, -1], [1, -1]],
["BOAR", "RED", [1, 0], [-1, 0], [0, 1]],
["TIGER", "BLUE", [0, 2], [0, -1]],
["DRAGON", "RED", [-1, -1], [1, -1], [-2, 1], [2, 1]],
["CRAB", "BLUE", [0, 1], [-2, 0], [2, 0]],
["ELEPHANT", "RED", [-1, 1], [-1, 0], [1, 0], [1, 1]]]